
10868 Muenchen-Oberschlssheim Observations at 00Z 07 Aug 2015

-----------------------------------------------------------------------------
   PRES   HGHT   TEMP   DWPT   RELH   MIXR   DRCT   SKNT   THTA   THTE   THTV
    hPa     m      C      C      %    g/kg    deg   knot     K      K      K 
-----------------------------------------------------------------------------
 1000.0    131                                                               
  960.0    492   20.8   13.8     64  10.43      0      0  297.4  327.9  299.3
  957.0    519   25.0   14.0     50  10.60     20      2  301.9  333.6  303.8
  952.0    566   27.8   11.8     37   9.21     53      4  305.2  333.2  306.9
  943.0    651   28.4   10.4     33   8.46    113      9  306.6  332.6  308.2
  942.0    660   28.3   10.2     32   8.38    120     10  306.7  332.4  308.2
  925.0    822   27.4    7.4     28   7.03    120     12  307.3  329.1  308.6
  905.0   1014   26.1    5.8     27   6.43    105     14  307.9  327.9  309.1
  890.0   1160   25.0    4.6     27   6.00     95     12  308.3  327.0  309.4
  850.0   1563   22.2    1.2     25   4.93    115      8  309.4  325.0  310.3
  846.0   1604   22.2    1.2     25   4.96    119      8  309.8  325.5  310.7
  700.0   3206    8.4   -3.6     43   4.21    295      4  311.8  325.3  312.6
  685.0   3384    6.8   -3.4     48   4.36      0      0  311.9  325.9  312.7
  652.0   3788    3.0   -3.0     65   4.73    351      1  312.0  327.2  312.9
  630.0   4066    1.6   -7.4     51   3.50    344      1  313.5  325.0  314.2
  625.0   4131    1.4   -3.3     71   4.82    343      1  314.0  329.6  314.9
  611.0   4313    1.0  -10.0     44   2.94    338      1  315.6  325.4  316.1
  607.0   4366    3.0  -36.0      4   0.29    337      1  318.5  319.6  318.5
  602.0   4433    3.6  -24.4     11   0.89    335      2  319.9  323.1  320.1
  573.0   4832    0.4  -17.6     25   1.68    326      2  320.7  326.6  321.1
  521.0   5588   -5.5  -22.5     25   1.21    308      3  322.5  326.8  322.7
  500.0   5910   -6.5  -31.5     12   0.55    300      4  325.1  327.1  325.2
  488.0   6099   -7.5  -33.5     10   0.47    274      8  326.1  327.9  326.2
  484.0   6162   -8.0  -33.6     11   0.47    265     10  326.2  328.1  326.4
  470.0   6386   -9.7  -33.9     12   0.47    250     10  326.8  328.6  326.9
  415.0   7335  -17.1  -35.1     19   0.47    238      4  329.2  331.0  329.3
  403.0   7554  -18.9  -27.9     45   0.96    236      2  329.6  333.2  329.8
  400.0   7610  -19.3  -29.3     41   0.85    235      2  329.8  333.0  330.0
  369.0   8205  -23.3  -36.3     29   0.47    274      8  332.2  334.0  332.3
  353.0   8525  -26.1  -40.4     25   0.32    295     12  332.7  334.0  332.8
  338.0   8839  -28.8  -44.3     21   0.22    285     10  333.2  334.1  333.2
  333.0   8946  -29.7  -45.7     20   0.19    290     11  333.3  334.1  333.4
  318.0   9270  -32.6  -45.9     25   0.20    305     14  333.7  334.5  333.7
  301.0   9657  -36.1  -46.1     35   0.20    300     12  334.1  334.9  334.1
  300.0   9680  -36.3  -45.3     39   0.22    300     12  334.1  335.0  334.1
  295.0   9797  -37.5  -40.2     76   0.39    303     11  334.0  335.6  334.1
  279.0  10180  -40.3  -43.5     71   0.29    312     10  335.3  336.5  335.4
  278.0  10205  -40.7  -47.7     47   0.19    313     10  335.1  335.9  335.1
  276.0  10254  -41.1  -44.8     67   0.26    314     10  335.2  336.3  335.3
  266.0  10503  -43.2  -47.5     62   0.20    320     10  335.7  336.6  335.8
  258.0  10710  -44.9  -49.7     58   0.16    327     10  336.1  336.8  336.2
  250.0  10920  -46.5  -51.1     59   0.14    335     10  336.8  337.4  336.8
  228.0  11524  -51.1  -60.1     33   0.05    313     11  338.8  339.0  338.8
  225.0  11608  -51.8  -60.3     35   0.05    310     12  338.9  339.2  339.0
  214.0  11928  -54.5  -61.2     44   0.05    325     10  339.6  339.9  339.6
  201.0  12329  -57.9  -62.2     58   0.04    330      8  340.4  340.6  340.4
  200.0  12360  -57.9  -62.2     58   0.04    330      8  340.9  341.1  340.9
  194.0  12550  -58.9  -63.6     54   0.04    295      6  342.3  342.5  342.3
  190.0  12680  -59.6  -64.6     52   0.03    290     10  343.2  343.4  343.2
  176.0  13158  -62.1  -68.1     44   0.02    305     14  346.7  346.8  346.7
  165.0  13557  -61.7  -68.7     39   0.02    309     12  353.8  353.9  353.8
  163.0  13633  -61.5  -70.5     29   0.02    310     12  355.5  355.5  355.5
  152.0  14067  -60.1  -81.1      5   0.00    276     13  365.0  365.0  365.0
  150.0  14150  -60.1  -81.1      5   0.00    270     14  366.3  366.4  366.3
  148.0  14233  -60.2  -81.5      5   0.00    260     16  367.6  367.6  367.6
  143.0  14446  -60.5  -82.5      4   0.00    270     19  370.7  370.7  370.7
  129.0  15085  -61.4  -85.5      3   0.00    290     10  380.2  380.2  380.2
  124.0  15330  -61.7  -86.7      2   0.00    255     10  383.9  383.9  383.9
  121.0  15481  -61.6  -87.1      2   0.00    220     12  386.7  386.7  386.7
  117.0  15689  -61.5  -87.6      2   0.00    220     14  390.6  390.6  390.6
  115.0  15796  -61.5  -87.9      2   0.00    240     10  392.7  392.7  392.7
  102.0  16538  -61.2  -89.8      1   0.00    235     12  407.0  407.0  407.0
  100.0  16660  -61.1  -90.1      1   0.00    200      4  409.4  409.4  409.4
   97.0  16851  -60.7  -90.2      1   0.00    210     12  413.7  413.7  413.7
   96.0  16916  -60.6  -90.3      1   0.00    240     10  415.2  415.2  415.2
   73.0  18636  -57.2  -91.5      1   0.00    115     10  456.1  456.1  456.1
   70.0  18900  -56.7  -91.7      0   0.00    120      8  462.7  462.7  462.7
   67.0  19180  -56.2  -91.4      0   0.00    110     12  469.7  469.7  469.7
   66.0  19276  -56.0  -91.3      0   0.00    120     16  472.1  472.1  472.1
   64.0  19472  -55.6  -91.0      0   0.00    170     10  477.1  477.1  477.1
   61.0  19779  -55.1  -90.7      0   0.00    105     10  484.9  485.0  484.9
   56.3  20291  -54.1  -90.1      0   0.00    101     10  498.4  498.4  498.4
   55.0  20440  -54.5  -90.5      0   0.00    100     10  500.7  500.7  500.7
   54.0  20558  -54.9  -90.9      0   0.00    130     14  502.6  502.6  502.6
   52.2  20775  -55.5  -91.5      0   0.00    130     14  506.0  506.0  506.0
   52.0  20799  -55.5  -91.5      0   0.00    130     14  506.7  506.7  506.7
   51.0  20923  -55.2  -91.2      0   0.00    155     10  510.1  510.1  510.1
   50.0  21050  -54.9  -90.9      0   0.00    135      6  513.7  513.7  513.7
   49.0  21180  -54.8  -90.8      0   0.00     90      4  517.0  517.0  517.0
   47.0  21449  -54.4  -90.7      0   0.00     45     10  523.9  523.9  523.9
   46.0  21587  -54.3  -90.6      0   0.00     95     17  527.5  527.6  527.5
   44.0  21873  -54.0  -90.5      0   0.00    115     14  535.1  535.1  535.1
   42.0  22173  -53.6  -90.3      0   0.00     90     12  543.1  543.1  543.1
   41.0  22328  -53.4  -90.2      0   0.00    105     17  547.3  547.3  547.3
   39.0  22650  -53.0  -90.0      0   0.00     90     16  556.1  556.1  556.1
   37.0  22989  -52.7  -89.8      0   0.00    115     21  565.5  565.6  565.5
   36.0  23166  -52.5  -89.7      0   0.00    125     17  570.5  570.6  570.5
   35.0  23347  -52.2  -89.6      0   0.00     95     16  575.7  575.7  575.7
   32.0  23924  -51.6  -89.3      0   0.00    110     16  592.4  592.4  592.4
   31.0  24129  -51.3  -89.2      0   0.00     85     16  598.4  598.5  598.4
   30.0  24340  -51.1  -89.1      0   0.00    100     16  604.7  604.8  604.7
   27.0  25030  -50.3  -88.3      0   0.01     90     17  625.6  625.6  625.6
   25.0  25533  -49.6  -87.7      0   0.01     95     31  641.2  641.3  641.2
   23.0  26079  -49.0  -87.0      0   0.01    115     19  658.6  658.7  658.6
   22.2  26311  -48.7  -86.7      0   0.01    103     13  666.2  666.3  666.2
   22.0  26371  -48.6  -86.6      0   0.01    100     12  668.3  668.4  668.3
   21.0  26678  -47.9  -85.8      1   0.01     60      8  679.4  679.5  679.4
   20.0  27000  -47.1  -85.1      1   0.01     70     19  691.2  691.4  691.2
   19.0  27347  -46.2  -84.6      1   0.02     75     12  704.1  704.3  704.1
   18.0  27713  -45.3  -84.1      1   0.02     80     17  717.9  718.1  717.9
   17.0  28100  -44.4  -83.5      1   0.02     80     19  732.8  733.0  732.8
   16.0  28510  -43.4  -83.0      1   0.03    105     16  748.9  749.2  748.9
   14.0  29413  -41.1  -81.7      0   0.04    105     19  785.6  786.0  785.6
   13.0  29915  -39.9  -81.0      0   0.04    110     21  806.7  807.2  806.7
   12.0  30456  -38.5  -80.2      0   0.05    135     16  830.1  830.8  830.1
   11.0  31045  -37.1  -79.4      0   0.07     90     14  856.3  857.1  856.3
   10.0  31690  -35.5  -78.5      0   0.08     75     35  885.9  887.0  885.9
    9.0  32428  -34.4  -77.7      0   0.11     85     31  917.1  918.6  917.2
    8.0  33253  -33.2  -76.9      0   0.14     80     33  953.4  955.3  953.4
    7.2  33992  -32.1  -76.1      0   0.17     92     31  987.0  989.4  987.1
    7.0                                        95     31                     

Station information and sounding indices

                             Station number: 10868
                           Observation time: 150807/0000
                           Station latitude: 48.25
                          Station longitude: 11.55
                          Station elevation: 492.0
                            Showalter index: 7.30
                               Lifted index: 4.64
    LIFT computed using virtual temperature: 4.21
                                SWEAT index: 33.83
                                    K index: 17.90
                         Cross totals index: 7.70
                      Vertical totals index: 28.70
                        Totals totals index: 36.40
      Convective Available Potential Energy: 0.00
             CAPE using virtual temperature: 0.00
                      Convective Inhibition: 0.00
             CINS using virtual temperature: 0.00
                     Bulk Richardson Number: 0.00
          Bulk Richardson Number using CAPV: 0.00
  Temp [K] of the Lifted Condensation Level: 278.47
Pres [hPa] of the Lifted Condensation Level: 716.94
     Mean mixed layer potential temperature: 306.26
              Mean mixed layer mixing ratio: 7.96
              1000 hPa to 500 hPa thickness: 5779.00
Precipitable water [mm] for entire sounding: 21.05

Description of the data columns or sounding indices.

Interested in graduate studies in atmospheric science? Check out our program at the University of Wyoming Questions about the weather data provided by this site can be addressed to Larry Oolman (ldoolman@uwyo.edu) 